x=[0.500000+0.000000i, 1.500000+1.000000i, 2.500000+2.000000i;
1.500000+3.000000i, 2.500000+4.000000i, 3.500000+5.000000i;
2.500000+6.000000i, 3.500000+7.000000i, 4.500000+8.000000i;];

x*x.'


